0 0.730469 0.031250 0.057813 0.031250
4 0.151562 0.463867 0.059375 0.037109
2 0.812500 0.463867 0.062500 0.033203
0 0.091406 0.466797 0.060937 0.035156
2 0.753125 0.468750 0.059375 0.035156
2 0.632812 0.472656 0.062500 0.035156
0 0.692969 0.468750 0.060937 0.035156
2 0.041406 0.942383 0.060937 0.037109
2 0.270313 0.458984 0.059375 0.035156
2 0.211719 0.461914 0.060937 0.037109
0 0.871875 0.459961 0.059375 0.033203
1 0.032031 0.469727 0.060937 0.033203
2 0.691406 0.434570 0.060937 0.037109
2 0.390625 0.451172 0.059375 0.039062
2 0.330469 0.456055 0.060937 0.037109
2 0.931250 0.458008 0.062500 0.033203
2 0.631250 0.439453 0.062500 0.035156
2 0.450000 0.447266 0.059375 0.035156
2 0.571094 0.442383 0.057813 0.037109
2 0.510156 0.446289 0.060937 0.037109
2 0.808594 0.429688 0.060937 0.035156
2 0.789844 0.030273 0.060937 0.033203
2 0.217969 0.934570 0.060937 0.037109
0 0.749219 0.432617 0.060937 0.037109
2 0.158594 0.936523 0.057813 0.037109
2 0.868750 0.425781 0.059375 0.035156
2 0.100781 0.939453 0.060937 0.039062
2 0.925781 0.423828 0.057813 0.035156
2 0.104688 0.330078 0.059375 0.035156
2 0.466406 0.306641 0.060937 0.031250
2 0.044531 0.330078 0.057813 0.035156
2 0.280469 0.931641 0.060937 0.039062
2 0.164844 0.326172 0.060937 0.035156
2 0.405469 0.308594 0.060937 0.031250
2 0.345313 0.311523 0.059375 0.033203
2 0.340625 0.930664 0.062500 0.037109
2 0.285156 0.315430 0.060937 0.033203
2 0.225000 0.320312 0.059375 0.035156
2 0.529687 0.301758 0.062500 0.033203
2 0.510938 0.482422 0.062500 0.035156
2 0.650781 0.295898 0.060937 0.033203
2 0.572656 0.479492 0.060937 0.037109
2 0.106250 0.294922 0.059375 0.031250
2 0.589844 0.298828 0.060937 0.035156
2 0.046094 0.296875 0.057813 0.031250
2 0.402344 0.928711 0.060937 0.037109
2 0.771094 0.289062 0.064062 0.035156
2 0.424219 0.720703 0.060937 0.039062
2 0.243750 0.727539 0.059375 0.033203
2 0.711719 0.292969 0.064062 0.035156
2 0.182812 0.730469 0.059375 0.039062
2 0.122656 0.733398 0.060937 0.037109
2 0.166406 0.292969 0.060937 0.031250
2 0.064062 0.737305 0.062500 0.037109
2 0.364063 0.722656 0.062500 0.039062
2 0.950000 0.284180 0.059375 0.037109
2 0.303906 0.726562 0.060937 0.035156
2 0.891406 0.285156 0.064062 0.035156
0 0.831250 0.288086 0.062500 0.033203
2 0.346094 0.280273 0.060937 0.033203
2 0.286719 0.285156 0.060937 0.031250
2 0.226562 0.287109 0.059375 0.027344
2 0.466406 0.272461 0.060937 0.033203
2 0.671875 0.036133 0.062500 0.033203
2 0.649219 0.260742 0.064062 0.029297
2 0.407813 0.277344 0.062500 0.031250
2 0.109375 0.264648 0.059375 0.029297
2 0.528125 0.269531 0.062500 0.031250
2 0.048438 0.266602 0.059375 0.029297
2 0.587500 0.267578 0.059375 0.027344
2 0.768750 0.257812 0.062500 0.031250
2 0.612500 0.039062 0.059375 0.035156
2 0.708594 0.258789 0.060937 0.029297
0 0.167969 0.261719 0.057813 0.031250
0 0.552344 0.040039 0.057813 0.033203
2 0.459375 0.923828 0.062500 0.035156
2 0.495312 0.041992 0.059375 0.033203
4 0.226562 0.254883 0.059375 0.033203
1 0.697656 0.839844 0.060937 0.035156
2 0.640625 0.877930 0.059375 0.037109
2 0.218750 0.898438 0.059375 0.035156
2 0.160938 0.902344 0.059375 0.035156
2 0.846094 0.027344 0.064062 0.031250
2 0.965625 0.025391 0.062500 0.027344
2 0.905469 0.025391 0.060937 0.031250
2 0.339062 0.893555 0.062500 0.037109
2 0.580469 0.882812 0.060937 0.039062
2 0.279687 0.896484 0.059375 0.039062
2 0.882031 0.898438 0.060937 0.035156
2 0.519531 0.883789 0.060937 0.041016
2 0.941406 0.893555 0.057813 0.037109
2 0.459375 0.887695 0.059375 0.033203
2 0.399219 0.892578 0.060937 0.035156
2 0.042969 0.872070 0.057813 0.033203
2 0.637500 0.841797 0.059375 0.039062
0 0.219531 0.865234 0.060937 0.039062
0 0.699219 0.874023 0.060937 0.037109
2 0.817969 0.866211 0.060937 0.037109
2 0.759375 0.871094 0.059375 0.035156
2 0.161719 0.866211 0.060937 0.037109
2 0.102344 0.868164 0.060937 0.037109
2 0.338281 0.858398 0.060937 0.037109
2 0.580469 0.847656 0.060937 0.039062
2 0.878125 0.862305 0.059375 0.037109
0 0.278906 0.863281 0.060937 0.035156
2 0.519531 0.851562 0.060937 0.039062
2 0.937500 0.857422 0.059375 0.039062
1 0.459375 0.853516 0.059375 0.035156
2 0.399219 0.855469 0.060937 0.039062
2 0.757812 0.835938 0.059375 0.039062
2 0.816406 0.831055 0.057813 0.037109
2 0.933594 0.824219 0.060937 0.035156
2 0.873437 0.826172 0.059375 0.035156
0 0.373437 0.113281 0.062500 0.035156
2 0.313281 0.119141 0.057813 0.035156
2 0.255469 0.122070 0.060937 0.037109
2 0.194531 0.125000 0.057813 0.035156
2 0.135156 0.125977 0.060937 0.037109
0 0.764844 0.228516 0.060937 0.031250
2 0.075000 0.130859 0.056250 0.031250
0 0.704688 0.229492 0.059375 0.029297
2 0.824219 0.224609 0.060937 0.031250
2 0.887500 0.252930 0.062500 0.029297
2 0.646094 0.233398 0.060937 0.033203
0 0.406250 0.248047 0.062500 0.031250
2 0.945312 0.250000 0.062500 0.031250
2 0.346875 0.250000 0.059375 0.031250
4 0.585156 0.235352 0.060937 0.033203
2 0.466406 0.243164 0.057813 0.029297
2 0.520312 0.921875 0.059375 0.035156
2 0.525781 0.238281 0.060937 0.031250
2 0.942187 0.219727 0.062500 0.033203
2 0.581250 0.918945 0.062500 0.037109
2 0.885156 0.222656 0.060937 0.031250
2 0.642188 0.913086 0.059375 0.037109
2 0.023438 0.131836 0.046875 0.033203
2 0.701562 0.910156 0.059375 0.039062
2 0.102344 0.903320 0.060937 0.037109
2 0.935156 0.490234 0.060937 0.035156
2 0.329688 0.489258 0.059375 0.037109
2 0.364844 0.653320 0.060937 0.037109
2 0.607812 0.709961 0.062500 0.037109
2 0.547656 0.711914 0.060937 0.037109
2 0.486719 0.717773 0.060937 0.037109
1 0.303906 0.658203 0.060937 0.035156
2 0.303906 0.690430 0.060937 0.037109
2 0.728125 0.701172 0.062500 0.042969
2 0.064844 0.703125 0.060937 0.035156
2 0.667188 0.708008 0.059375 0.037109
2 0.243750 0.693359 0.062500 0.035156
2 0.848437 0.694336 0.059375 0.037109
2 0.125000 0.699219 0.059375 0.039062
2 0.787500 0.699219 0.059375 0.039062
2 0.183594 0.699219 0.060937 0.035156
2 0.903906 0.658203 0.060937 0.035156
2 0.604688 0.673828 0.059375 0.035156
2 0.363281 0.687500 0.060937 0.035156
2 0.906250 0.690430 0.059375 0.037109
2 0.545312 0.679688 0.059375 0.035156
2 0.965625 0.686523 0.059375 0.037109
2 0.486719 0.681641 0.060937 0.035156
2 0.423438 0.684570 0.062500 0.037109
2 0.391406 0.485352 0.060937 0.029297
0 0.242969 0.660156 0.060937 0.035156
2 0.067187 0.668945 0.062500 0.033203
2 0.126562 0.667969 0.059375 0.035156
2 0.665625 0.669922 0.059375 0.039062
2 0.843750 0.660156 0.059375 0.039062
2 0.725781 0.666992 0.060937 0.041016
2 0.786719 0.662109 0.060937 0.039062
2 0.185156 0.662109 0.060937 0.035156
2 0.875000 0.495117 0.059375 0.037109
2 0.603125 0.639648 0.059375 0.037109
1 0.543750 0.644531 0.059375 0.035156
2 0.960938 0.650391 0.059375 0.039062
0 0.483594 0.647461 0.060937 0.037109
2 0.422656 0.649414 0.060937 0.037109
2 0.209375 0.532227 0.059375 0.037109
2 0.089844 0.533203 0.060937 0.039062
2 0.784375 0.628906 0.059375 0.039062
2 0.723437 0.632812 0.059375 0.039062
2 0.664062 0.637695 0.059375 0.041016
2 0.029687 0.537109 0.059375 0.035156
2 0.842187 0.624023 0.059375 0.037109
2 0.958594 0.620117 0.057813 0.037109
2 0.901563 0.622070 0.062500 0.037109
2 0.209375 0.496094 0.062500 0.035156
2 0.573438 0.512695 0.062500 0.033203
2 0.268750 0.529297 0.059375 0.035156
2 0.150000 0.531250 0.059375 0.039062
2 0.511719 0.515625 0.060937 0.035156
2 0.329688 0.524414 0.059375 0.033203
2 0.450781 0.516602 0.060937 0.033203
2 0.389844 0.519531 0.060937 0.035156
2 0.271094 0.494141 0.060937 0.035156
2 0.032031 0.501953 0.060937 0.035156
2 0.695312 0.503906 0.062500 0.039062
2 0.634375 0.508789 0.062500 0.033203
2 0.815625 0.499023 0.059375 0.033203
2 0.755469 0.502930 0.064062 0.033203
2 0.150000 0.498047 0.059375 0.031250
2 0.091406 0.499023 0.060937 0.033203
1 0.286719 0.253906 0.060937 0.031250
0 0.827344 0.253906 0.060937 0.031250
2 0.823438 0.903320 0.059375 0.037109
2 0.451562 0.482422 0.059375 0.035156
2 0.433594 0.044922 0.060937 0.031250
1 0.315625 0.052734 0.062500 0.035156
2 0.494531 0.076172 0.060937 0.031250
2 0.556250 0.100586 0.059375 0.033203
2 0.373437 0.049805 0.059375 0.033203
2 0.495312 0.106445 0.062500 0.033203
2 0.433594 0.110352 0.060937 0.037109
2 0.433594 0.077148 0.060937 0.037109
2 0.024219 0.100586 0.048438 0.029297
2 0.135937 0.091797 0.062500 0.031250
2 0.615625 0.099609 0.059375 0.035156
2 0.794531 0.096680 0.060937 0.029297
2 0.075781 0.097656 0.057813 0.031250
0 0.735156 0.097656 0.060937 0.035156
0 0.675000 0.097656 0.062500 0.035156
2 0.914062 0.088867 0.062500 0.033203
2 0.373437 0.081055 0.059375 0.033203
1 0.854688 0.090820 0.062500 0.033203
2 0.196875 0.090820 0.059375 0.033203
2 0.762500 0.906250 0.059375 0.039062
2 0.970313 0.087891 0.056250 0.035156
2 0.313281 0.083984 0.060937 0.031250
2 0.255469 0.086914 0.060937 0.033203
2 0.674219 0.066406 0.060937 0.031250
2 0.613281 0.066406 0.060937 0.031250
2 0.025781 0.069336 0.051562 0.029297
2 0.554688 0.068359 0.059375 0.031250
2 0.138281 0.061523 0.057813 0.029297
2 0.733594 0.064453 0.057813 0.031250
2 0.080469 0.067383 0.057813 0.033203
2 0.967187 0.053711 0.059375 0.033203
2 0.042188 0.905273 0.059375 0.037109
2 0.196875 0.059570 0.059375 0.029297
4 0.792188 0.062500 0.059375 0.035156
1 0.255469 0.056641 0.057813 0.031250
2 0.910156 0.057617 0.060937 0.033203
2 0.850000 0.058594 0.059375 0.031250
